20

11111 30
250
251
252
253
254
343	
284	
271	
293	
299	
326	
283	
279	
344	
347	
309	
291	
340	
298	
318	
270	
308	
269	
342	
319	
325	
320	
315	
294
348	

22222 40
255
256
257
258
259	
303
319	
341	
261	
317	
283	
327	
269	
265	
281	
304	
343	
284	
264	
279	
306	
335	
268	
276	
309
298	
340	
338	
315
344
347
348
349
250
251
270
272
300
301
310

33333 20
260
261
262
263
264
294	
328	
326	
303	
311	
301	
292	
317	
258	
330	
333	
296	
286	
346
348

44444 30
265
266
267
268
269
339	
328	
329	
327	
291	
316	
314	
313	
336	
320	
303	
347	
281	
326	
341	
325	
290	
345	
276	
306	
321	
342	
298	
311
261

55555 40
270
271
272
273
274
296	
311	
285	
328	
291	
333	
349	
277	
317	
257	
313	
329	
298	
287	
337	
256
261	
304	
278	
303	
263	
276	
259	
322	
262	
302	
282
250
252
254
330
331
340
345
255

66666 30
275
276
277
278
279
293	
329	
298	
313	
271	
343	
252	
291	
285	
297	
322	
319	
308	
309	
286	
267	
303	
314	
263	
338
260
250
280
270
290

77777 20
280
281
282
283
284
329	
305	
259	
342	
338	
348	
313	
340	
339	
294	
265	
349	
304	
302
285

88888 30
285
286
287
288
289	
311	
347	
310	
295	
283	
341	
258	
255	
343	
274	
319	
329	
300	
265	
324	
326	
333	
340	
267	
297	
294
342
320
315
254

99999 20
290
291
292
293
294
251	
250	
339	
322	
300	
338	
334	
309	
262	
263	
327	
330	
348	
252	
321	

10100 20
295
296
297
298
299
275	
343	
288	
279	
334	
328	
280	
272	
310	
257	
330	
276	
323	
333
349

11100 30
300
301
302
303
304	
258	
321	
314	
313	
332	
317	
308	
274	
305	
250	
343	
348	
311	
253	
292	
254	
318	
339	
280	
333	
299
349
251
282
310

12100 40
305
306
307
308
309
252	
257	
290	
278	
251	
315	
313	
348	
343	
319	
341	
267
272	
318	
297	
324	
323	
270	
282	
328	
280	
295	
250	
281	
260	
320	
325
349
253
256
266
271
310
312
317

13100 20
310
311
312
313
314
322	
345	
257	
331	
268	
335	
304	
265	
283	
262	
319	
261	
271	
348
260

14100 30
315
316
317
318
319
282	
327	
309	
324	
308	
273	
304	
329	
279	
297	
291	
250	
284	
348	
344	
281	
278	
285	
269	
266
340
320
314
260
263

15100 20
320
321
322
323
324
280	
310	
281	
331	
333	
302	
267	
282	
258	
290	
298	
272	
346
256
347

16100 30
325
326
327
328
329
315	
332	
293	
309	
323	
322	
283	
257	
254	
313	
282	
342	
340	
337	
335	
286	
305	
310	
345	
312	
306	
296
347
330
331

17100 30
330
331
332
333
334
343	
280	
311	
257	
276	
290	
349	
303	
305	
308	
267	
265	
336	
295	
310	
288	
254	
340	
266	
258	
264	
274
348
252
329

18100 40
335
336
337
338
339
301	
269	
279	
274	
328	
265	
326	
298	
330	
302	
299	
348	
311	
284	
260	
287	
324	
262	
293	
290	
267	
322	
325	
261	
280	
314	
320	
273
255
257
310
315
323
349
300	

19100 30
340
341
342
343
344					
332	
255	
280	
263	
304	
326	
323	
338	
284	
316	
329	
298	
259	
269	
320	
266	
314	
336	
306	
260	
277	
290	
291	
261
315	

20100 40
340
341
342
343
344					
345
346
347
348
349			
283	
326	
321		
279	
280	
314	
293	
310	
261		
299	
278	
290	
273	
253	
339		
334	
267	
309	
332	
323	
287	
255	
294	
250
256
260
300
312
313
315
